42249 878.208 848.991 742.767 589.341 475.54 379.661 310.39 279.206 238.897 205.87 172.567 2.77654 -9.47611 -18.354 -23.1554 -25.0304 -23.9089 -22.3222 -21.1993 -21.0585 -23.4796 -26.7749 
42251 887.331 848.991 745.329 603.288 479.203 393.815 317.574 279.301 237.16 205.658 174.656 2.80722 -9.47611 -18.7815 -23.7451 -24.3387 -24.7652 -23.4884 -21.6651 -21.3058 -23.8671 -26.9418 
42253 878.208 837.825 749.393 585.523 483.388 388.04 319.837 280.586 239.411 202.734 171.212 2.77654 -9.04357 -18.8946 -23.7059 -24.4655 -24.2289 -21.9967 -21.2816 -21.2668 -22.7369 -26.8125 
42255 868.076 831.49 757.528 593.839 464.539 377.03 320.198 278.414 237.16 204.266 176.01 4.55195 -9.81137 -19.1172 -23.9263 -24.9747 -24.1447 -23.2123 -21.767 -21.3058 -23.809 -26.9039 
42257 897.571 846.603 749.249 588.173 478.151 382.299 318.678 281.304 235.426 205.658 171.212 1.67238 -8.88342 -19.4171 -23.5591 -24.84 -23.6764 -22.7399 -22.3879 -21.5568 -23.8671 -26.8125 
42259 906.085 857.752 747.932 590.828 478.151 385.417 322.499 279.797 236.646 203.088 175.276 2.28977 -9.31362 -19.206 -23.4137 -24.84 -24.4617 -21.7348 -21.8468 -21.0957 -23.3574 -26.7014 
42261 896.967 848.991 753.459 590.828 484.958 381.222 322.499 279.797 239.411 208.652 174.545 2.25447 -9.47611 -19.0065 -23.4137 -24.7755 -24.3049 -21.7348 -21.8468 -21.2668 -23.5985 -26.4972 
42263 878.73 844.307 739.988 589.341 475.54 383.849 325.467 279.613 240.447 204.479 174.656 2.18167 -8.28744 -18.4524 -23.1554 -25.0304 -24.0707 -22.6735 -20.9167 -21.6805 -23.4189 -26.9418 
42265 868.652 811.529 745.329 604.802 473.959 383.849 317.181 280.683 236.811 203.088 174.545 3.34697 -9.54481 -18.7815 -23.9959 -24.7151 -24.0707 -22.263 -21.7451 -21.6405 -23.3574 -26.4972 
42267 877.78 846.603 741.269 590.828 475.54 398.018 322.499 281.304 239.411 204.859 174.656 3.37206 -8.88342 -18.6672 -23.4137 -25.0304 -24.9122 -21.7348 -22.3879 -21.2668 -24.0329 -26.9418 
42269 877.447 814.019 749.249 593.839 474.539 373.942 314.532 278.414 239.411 206.055 179.239 3.96809 -10.161 -19.4171 -23.9263 -25.5371 -23.3392 -22.5338 -21.767 -21.2668 -24.4767 -26.1621 
42271 887.331 882.765 748.101 592.327 477.136 389.615 318.678 281.57 237.333 203.088 173.301 2.80722 -10.7077 -18.6826 -23.6706 -25.3435 -24.6151 -22.7399 -21.644 -21.8493 -23.3574 -26.9803 
42273 831.391 839.991 749.393 595.362 476.578 380.768 313.044 282.856 240.447 206.674 172.46 5.1284 -7.08602 -18.8946 -24.1807 -24.5258 -23.279 -22.0496 -21.2637 -21.6805 -23.3168 -26.3248 
42275 886.908 846.603 757.528 594.979 477.136 389.122 314.532 278.414 236.292 204.479 173.815 3.39663 -8.88342 -19.1172 -23.5257 -25.3435 -23.6116 -22.5338 -21.767 -21.4308 -23.4189 -26.2912 
42277 858.942 834.02 749.393 589.341 471.345 382.299 313.044 278.912 239.411 204.702 175.8 4.53912 -10.412 -18.8946 -23.1554 -24.9064 -23.6764 -22.0496 -21.9491 -21.2668 -23.0296 -26.0209 
42279 868.652 846.603 749.393 591.197 471.345 396.43 317.181 282.953 239.927 203.675 173.088 3.34697 -8.88342 -18.8946 -24.0733 -24.9064 -24.5353 -22.263 -21.7235 -21.4741 -23.5838 -26.0836 
42281 887.848 824.456 748.101 599.133 475.54 379.661 316.042 280.683 239.411 206.674 174.545 2.21844 -7.98824 -18.6826 -23.6361 -25.0304 -23.9089 -23.0134 -21.7451 -21.2668 -23.3168 -26.4972 
42283 878.208 816.603 748.101 598 475.54 388.04 313.413 280.297 235.426 204.266 171.732 2.77654 -10.7734 -18.6826 -24.0342 -25.0304 -24.2289 -23.2914 -22.0278 -21.5568 -23.809 -26.1156 
42285 887.331 860.204 750.875 598 471.345 388.04 313.413 282.856 248.583 216.612 184.255 2.80722 -9.8974 -18.5844 -24.0342 -24.9064 -24.2289 -23.2914 -21.2637 -21.6366 -24.6738 -27.1096 
42287 813.275 844.503 787.324 684.291 573.582 490.02 396.37 330.92 290.662 238.412 194.129 7.04533 -1.99489 -10.2579 -16.8685 -20.2531 -22.5441 -22.9034 -23.5433 -25.5524 -28.6059 -32.3169 
42289 831.793 899.774 864.366 761.907 657.092 526.025 427.076 350.926 302.634 241.135 203.492 3.86981 -2.0821 -11.0745 -17.1502 -21.6822 -23.4127 -24.3085 -25.0747 -26.7749 -28.9832 -34.7664 
42291 859.525 890.777 834.113 754.927 654.17 523.379 429.676 358.471 303.831 240.925 207.261 3.32135 -2.16478 -8.44038 -15.8734 -20.6119 -23.5801 -24.0978 -26.0439 -27.0822 -29.9859 -35.1091 
42293 823.473 852.293 818.645 735.687 596.824 489.266 385.875 321.52 266.515 224.059 197.355 2.57817 -1.30438 -6.73951 -15.9616 -20.7775 -23.8311 -23.8039 -23.9186 -24.1627 -27.103 -31.9465 
42295 737.845 777.21 723.082 618.656 524.434 435.095 351.141 307.411 264.608 221.845 195.35 2.91921 -4.7363 -11.7684 -16.9741 -20.7007 -21.9662 -22.0014 -22.8681 -23.1312 -25.5883 -30.8368 
42297 752.665 780.757 731.76 622.271 528.543 431.221 369.224 303.241 263.528 221.845 187.858 3.67122 -4.9131 -12.3036 -17.7496 -20.8452 -22.7114 -23.1495 -22.6625 -22.7612 -25.5883 -30.9811 
42299 761.91 783.163 730.795 634.077 520.409 439.552 345.835 311.584 260.428 218.436 196.344 3.46739 -4.65335 -12.0764 -18.7894 -21.3056 -23.0166 -22.49 -23.0682 -22.9279 -25.2966 -31.3945 
42301 764.735 799.179 742.516 624.744 524.532 435.385 358.282 298.75 266.547 220.448 197.909 3.93246 -4.87855 -13.2723 -18.2615 -21.4465 -22.8654 -23.0414 -21.1461 -23.3804 -25.5454 -31.7188 
42303 794.851 806.292 750.165 639.408 527.404 434.245 360.917 303.241 261.514 224.483 198.695 6.41654 -5.21971 -12.8186 -19.1714 -22.0337 -23.4151 -22.7998 -22.6625 -23.3017 -26.0295 -31.879 
42305 795.271 829.495 753.205 640.707 527.66 431.6 355.654 307.033 259.89 217.652 201.06 7.73293 -5.75443 -13.4781 -19.4182 -22.7748 -23.618 -23.2867 -21.5989 -22.7399 -25.4578 -32.3522 
42307 800.981 817.636 746.419 646.084 523.268 435.782 359.814 312.135 261.821 215.642 199.972 4.88665 -5.92813 -13.4153 -19.791 -21.8982 -23.7632 -23.4605 -24.3164 -22.9964 -25.205 -32.8052 
42309 804.142 836.048 773.186 644.767 523.508 427.421 358.282 301.721 256.48 218.887 198.099 7.05995 -5.87274 -14.8793 -19.547 -22.6452 -23.4699 -23.0414 -22.1621 -23.2198 -25.8677 -33.1086 
42311 804.764 825.307 768.148 636.526 529.152 427.421 351.141 302.877 255.716 217.652 200.514 8.36056 -5.38568 -14.5358 -19.901 -23.0638 -23.4699 -22.0014 -22.9253 -22.5265 -25.4578 -32.5781 
42313 831.391 790.542 763.53 640.562 513.754 434.245 346.249 303.241 261.514 218.887 206.109 6.3876 -2.54791 -14.9129 -20.6371 -22.081 -23.4151 -23.6136 -22.6625 -23.3017 -25.8677 -32.6729 
42315 868.076 825.307 762.079 643.34 522.331 423.245 349.981 307.926 254.544 217.652 203.438 4.55195 -5.38568 -13.9725 -19.9088 -23.1005 -23.3189 -22.6781 -23.0312 -22.9596 -25.4578 -32.8143 
42317 813.89 823.554 768.148 651.466 517.894 419.071 346.249 305.144 257.107 216.71 197.564 8.33136 -4.76588 -14.5358 -20.7569 -22.2176 -23.1649 -23.6136 -22.8965 -22.5984 -25.9898 -33.3399 
42319 822.205 814.628 776.039 639.205 531.815 427.421 344.711 303.753 255.716 216.254 201.301 5.758 -4.88582 -14.7981 -20.3927 -22.9024 -23.4699 -23.1787 -22.8282 -22.5265 -25.4132 -33.7194 
42321 849.809 825.307 770.335 637.859 518.173 428.96 349.981 303.612 257.644 213.293 199.97 6.98998 -5.38568 -14.9611 -20.1474 -22.9722 -23.8234 -22.6781 -22.4004 -22.7887 -25.6975 -33.7983 
42323 786.141 825.307 759.579 636.475 516.686 413.4 334.903 300.838 256.574 217.825 201.565 7.75588 -5.38568 -14.7808 -20.5144 -22.6768 -22.6392 -22.3528 -22.2579 -22.4072 -25.0902 -33.1126 
42325 805.231 814.628 768.021 633.747 509.864 422.139 340.555 298.706 257.964 212.24 197.302 9.00995 -4.88582 -15.7638 -20.6371 -22.7093 -23.8855 -22.9937 -22.7174 -22.4796 -24.8986 -32.9528 
42327 823.017 823.554 761.79 635.116 510.202 416.419 337.556 303.753 255.184 213.636 199.178 8.3028 -4.76588 -15.2102 -20.883 -23.4754 -23.3736 -22.0997 -22.8282 -22.3341 -24.9474 -32.6497 
42329 825.93 834.361 753.874 622.846 515.512 419.071 343.192 302.363 255.184 216.87 200.514 3.43362 -6.32284 -14.9473 -20.5117 -23.1382 -23.1649 -22.7399 -22.7593 -22.3341 -25.6202 -32.5781 
42331 804.401 825.307 765.754 632.398 512.855 426.326 347.009 300.974 253.795 216.87 200.514 7.71051 -5.38568 -15.3396 -21.0075 -23.3059 -24.0314 -21.8058 -22.6897 -22.2602 -25.6202 -32.5781 
42333 840.675 846.847 765.754 631.023 515.512 413.773 349.677 302.363 255.184 212.848 196.506 7.00336 -6.34741 -15.3396 -20.7608 -23.1382 -23.585 -21.5657 -22.7593 -22.3341 -25.111 -32.7958 
42335 823.017 827.157 775.407 643.289 518.542 421.729 339.045 306.535 254.544 215.472 199.972 8.3028 -6.00278 -15.3008 -20.5157 -23.7258 -22.9588 -22.5487 -22.9642 -22.9596 -25.5764 -32.8052 
42337 816.348 834.218 770.335 640.562 517.02 422.139 347.342 304.432 252.936 213.293 198.897 10.8944 -5.26193 -14.9611 -20.6371 -23.4329 -23.8855 -22.9265 -23.42 -22.3803 -25.6975 -33.2631 
42339 832.144 807.498 768.598 639.212 529.152 415.318 339.045 304.631 254.005 215.472 197.032 8.27488 -5.64137 -15.2559 -21.0035 -23.0638 -23.9497 -22.5487 -22.7317 -22.7673 -25.5764 -33.5725 
42341 850.054 796.787 773.186 635.116 508.39 413.773 342.086 301.486 256.252 214.857 196.765 7.60561 -5.13375 -14.8793 -20.883 -22.4083 -23.585 -23.4347 -22.8566 -22.718 -25.368 -33.1847 
42343 831.542 818.27 773.694 637.837 521.188 426.326 347.342 301.852 254.654 213.46 208.392 7.01705 -6.13566 -15.5944 -20.7595 -23.5578 -24.0314 -22.9265 -22.5927 -22.141 -25.3222 -35.613 
42345 814.352 832.483 779.373 639.212 522.715 406.57 343.636 303.753 256.252 214.425 193.038 8.97348 -4.64851 -15.4275 -21.0035 -23.8481 -22.6839 -23.8718 -22.8282 -22.718 -24.7851 -33.8147 
42347 840.675 807.498 770.335 650.125 519.674 423.697 351.496 302.363 255.937 219.508 207.699 7.00336 -5.64137 -14.9611 -21.1175 -23.2658 -24.2419 -23.1087 -22.7593 -23.0295 -26.071 -32.9722 
42349 832.595 820.337 777.14 631.023 520.839 417.954 346.249 302.877 255.397 214.857 206.098 8.90296 -3.51869 -15.0085 -20.7608 -22.8079 -23.7368 -23.6136 -22.9253 -22.8384 -25.368 -33.6364 
42351 804.764 821.897 779.373 635.116 530.656 420.597 348.869 307.57 257.107 211.278 203.697 8.36056 -4.1435 -15.4275 -20.883 -23.3511 -23.5265 -23.3593 -23.2904 -22.5984 -25.4417 -33.1899 
42353 850.398 823.554 762.434 646.026 525.358 414.258 351.982 303.753 258.183 212.676 202.632 8.22082 -4.76588 -14.6986 -20.9997 -23.6807 -24.5288 -24.2134 -22.8282 -22.9783 -25.4872 -33.6415 
42355 850.054 871.652 776.533 646.026 523.838 427.421 345.835 302.877 260.745 217.488 202.91 7.60561 -5.3791 -15.5106 -20.9997 -23.3915 -23.4699 -22.49 -22.9253 -22.6219 -25.826 -34.0175 
42357 797.367 837.972 777.807 647.412 514.017 437.335 347.342 305.304 258.183 217.652 203.964 10.3581 -6.48081 -14.5072 -21.2401 -22.8418 -24.109 -22.9265 -23.3219 -22.9783 -25.4578 -33.5646 
42359 816.348 868.234 776.533 651.466 517.02 420.597 348.869 302.877 254.544 216.87 201.565 10.8944 -4.2032 -15.5106 -20.7569 -23.4329 -23.5265 -23.3593 -22.9253 -22.9596 -25.6202 -33.1126 
42361 807.249 852.05 778.252 646.019 515.213 428.96 347.342 305.659 256.48 215.472 203.438 10.9524 -5.0222 -15.2183 -20.3953 -22.3798 -23.8234 -22.9265 -23.0608 -23.2198 -25.5764 -32.8143 
42363 796.11 852.05 779.991 635.116 534.822 417.954 348.869 303.753 253.152 216.089 199.697 9.04724 -5.0222 -14.9272 -20.883 -23.4735 -23.7368 -23.3593 -22.8282 -22.889 -25.7837 -33.4164 
42365 840.526 818.27 778.252 648.745 517.02 425.272 354.13 303.753 257.331 216.559 205.031 6.38076 -6.13566 -15.2183 -20.8778 -23.4329 -24.5957 -22.8619 -22.8282 -23.0987 -26.36 -33.1164 
42367 805.231 844.943 769.236 639.212 520.839 433.675 345.206 302.877 254.544 216.254 200.231 9.00995 -5.74543 -14.7488 -21.0035 -22.8079 -24.8687 -24.305 -22.9253 -22.9596 -25.4132 -33.1873 
42369 840.675 846.847 778.252 636.475 521.188 430.516 348.869 304.268 251.447 216.87 199.444 7.00336 -6.34741 -15.2183 -20.5144 -23.5578 -24.1744 -23.3593 -22.9934 -23.1348 -25.6202 -34.0293 
42371 832.595 814.628 776.533 629.66 514.017 426.326 349.386 305.659 256.79 213.46 204.496 8.90296 -4.88582 -15.5106 -20.513 -22.8418 -24.0314 -24.4718 -23.0608 -22.9087 -25.3222 -33.3399 
42373 831.542 852.05 780.506 648.745 525.358 434.708 354.13 303.393 257.107 216.71 203.697 7.01705 -5.0222 -15.6361 -20.8778 -23.6807 -24.3146 -22.8619 -23.0908 -22.5984 -25.9898 -33.1899 
42375 832.144 843.132 778.894 644.652 515.512 430.516 347.342 305.144 257.644 219.666 205.296 8.27488 -5.1408 -14.7175 -20.7582 -23.1382 -24.1744 -22.9265 -22.8965 -22.7887 -25.706 -33.4888 
42377 840.923 853.842 775.407 658.33 525.358 437.879 350.416 302.877 254.544 216.089 195.979 7.62568 -5.62077 -15.3008 -21.3488 -23.6807 -25.0013 -23.7882 -22.9253 -22.9596 -25.7837 -34.0415 
42379 840.526 860.972 775.407 639.205 521.188 423.697 355.654 303.753 254.005 214.691 214.653 6.38076 -4.90606 -15.3008 -20.3927 -23.5578 -24.2419 -23.2867 -22.8282 -22.7673 -25.7409 -36.3303 
42381 836.345 812.953 773.186 647.376 516.686 421.729 340.555 303.753 260.876 222.784 276.563 12.0291 -4.25685 -14.8793 -20.6371 -22.6768 -22.9588 -22.9937 -22.8282 -21.8229 -29.0698 -44.1191 
42383 842.262 829.301 779.991 640.598 517.02 432.087 366.598 307.644 266.853 257.422 320.8 18.2868 -3.41432 -14.9272 -20.0275 -23.4329 -24.5228 -23.3883 -22.1869 -23.0808 -35.9357 -47.2376 
42385 839.781 847.237 781.098 647.412 527.66 421.729 362.068 316.32 280.459 309.212 814.142 20.2478 -3.21222 -15.1364 -20.034 -22.7748 -22.9588 -22.1431 -20.0418 -28.5765 -43.4865 -59.7036 
42387 837.542 806.064 781.75 648.752 525.961 421.196 363.05 158.98 293.418 344.717 876.443 19.6427 -1.07702 -14.6375 -20.2759 -21.7409 -19.241 -14.6182 -24.9602 -34.3385 -45.4298 -60.6065 
42389 830.939 781.526 724.057 630.036 515.005 423.951 338.718 213.377 281.263 327.714 831.672 20.4054 -3.99858 -12.7634 -18.6536 -21.6206 -20.9091 -17.9498 -21.8616 -31.3727 -43.9778 -59.6586 
42391 791.964 814.047 736.615 636.526 515.005 419.974 344.12 293.097 277.382 305.49 362.717 7.07998 -5.76378 -12.6791 -19.901 -21.6206 -21.6643 -20.9186 -19.0541 -27.7548 -41.8791 -49.6035 
42393 826.962 785.93 752.417 624.499 505.714 428.557 348.869 301.721 260.876 226.926 274.564 21.7903 0.0736767 -13.9949 -18.8862 -22.5746 -22.9114 -23.3593 -22.1621 -21.8229 -29.4853 -43.0675 
42395 825.447 800.923 764.637 628.39 516.686 419.071 343.192 300.838 259.68 213.46 241.234 10.8376 -3.09364 -15.1265 -19.6429 -22.6768 -23.1649 -22.7399 -22.2579 -22.2443 -25.3222 -39.2396 
42397 813.121 830.12 752.137 620.156 509.864 417.563 343.192 301.344 252.936 216.089 226.904 5.11425 -5.95913 -15.2485 -20.0075 -22.7093 -22.8006 -22.7399 -22.4256 -22.3803 -25.7837 -37.3152 
42399 797.367 812.953 757.411 621.495 516.686 420.597 347.009 308.527 255.716 215.472 219.603 10.3581 -4.25685 -14.349 -20.2601 -22.6768 -23.5265 -21.8058 -22.0935 -22.5265 -25.5764 -35.6361 
42401 799.04 802.418 748.494 616.084 507.196 431.6 339.468 299.452 254.86 219.05 211.856 11.6641 -3.73441 -13.8561 -19.8765 -22.8766 -23.618 -23.6947 -22.1857 -22.6465 -25.5019 -35.5758 
42403 780.428 789.083 726.66 612.015 505.714 414.901 340.555 299.076 256.574 215.821 199.25 3.07422 -5.69337 -14.744 -19.7439 -22.5746 -23.0078 -22.9937 -22.4512 -22.4072 -24.8341 -31.653 
42405 786.141 812.348 740.266 616.084 507.196 419.506 344.711 299.452 252.936 217.039 200.82 7.75588 -6.22585 -14.8475 -19.8765 -22.8766 -24.0973 -23.1787 -22.1857 -22.3803 -25.2511 -31.9706 
42407 792.339 812.998 742.031 640.562 515.512 412.245 345.835 299.957 254.326 213.03 200.82 3.5554 -6.43449 -14.5424 -20.6371 -23.1382 -23.2176 -22.49 -22.3543 -22.4538 -24.7354 -31.9706 
42409 810.848 821.874 740.953 624.231 514.017 423.245 342.086 299.957 254.86 214.245 201.851 3.17498 -6.29754 -14.3214 -20.1367 -22.8418 -23.3189 -23.4347 -22.3543 -22.6465 -25.1583 -32.5074 
42411 804.142 812.953 757.83 626.933 516.686 412.245 339.045 297.565 253.795 212.063 204.525 7.05995 -4.25685 -15.0794 -20.6371 -22.6768 -23.2176 -22.5487 -21.9427 -22.2602 -25.2757 -34.311 
42413 786.141 821.897 753.478 618.829 508.692 416.419 349.981 301.344 250.689 219.833 202.91 7.75588 -4.1435 -14.213 -19.7537 -23.1769 -23.3736 -22.6781 -22.4256 -22.4272 -25.3415 -34.0175 
42415 807.806 830.756 744.89 629.712 514.017 417.954 344.711 301.852 256.043 214.245 205.854 3.16525 -6.16351 -14.4591 -19.893 -22.8418 -23.7368 -23.1787 -22.5927 -22.2153 -25.1583 -34.2305 
42417 795.084 818.27 749.922 620.156 509.864 419.506 344.711 299.076 251.547 216.254 211.456 4.2217 -6.13566 -14.8137 -20.0075 -22.7093 -24.0973 -23.1787 -22.4512 -22.3059 -25.4132 -34.2791 
42419 786.99 823.554 752.777 622.898 507.554 416.419 339.045 300.464 255.716 217.039 212.178 9.0854 -4.76588 -14.7303 -19.8849 -23.6467 -23.3736 -22.5487 -22.5223 -22.5265 -25.2511 -35.9327 
42421 796.686 820.6 752.777 621.495 508.692 424.777 341.694 302.363 250.158 212.676 219.926 9.70319 -5.88424 -14.7303 -20.2601 -23.1769 -23.6764 -22.2972 -22.7593 -22.2308 -25.4872 -35.9803 
42423 805.801 819.369 743.817 621.577 508.692 421.729 348.485 299.957 255.515 213.636 222.612 9.65849 -5.46968 -14.2388 -19.632 -23.1769 -22.9588 -22.2438 -22.3543 -22.0226 -24.9474 -37.2544 
42425 807.186 819.369 747.751 629.712 509.864 420.597 344.348 299.835 252.406 213.46 222.612 4.46096 -5.46968 -14.3765 -19.893 -22.7093 -23.5265 -22.0496 -21.9208 -22.1855 -25.3222 -37.2544 
42427 789.055 805.705 751.69 624.231 516.686 425.272 362.438 300.838 253.795 211.894 225.593 11.0725 -5.00841 -14.5127 -20.1367 -22.6768 -24.5957 -23.2168 -22.2579 -22.2602 -25.6535 -37.4063 
42429 807.186 818.27 748.831 628.309 506.929 420.597 347.342 301.721 257.964 215.933 240.443 4.46096 -6.13566 -14.5954 -20.2642 -22.1056 -23.5265 -22.9265 -22.1621 -22.4796 -26.1548 -38.6206 
42431 797.989 812.828 741.703 621.495 514.017 417.954 340.555 301.852 260.745 212.063 233.937 4.6647 -5.3457 -13.7963 -20.2601 -22.8418 -23.7368 -22.9937 -22.5927 -22.6219 -25.2757 -39.096 
42433 800.895 827.157 739.887 629.66 514.017 432.087 342.086 302.225 257.432 219.359 250.637 5.54015 -6.00278 -14.0997 -20.513 -22.8418 -24.5228 -23.4347 -22.3295 -22.2888 -26.4365 -40.3667 
42435 803.623 811.376 761.79 633.784 518.173 420.597 342.086 300.838 257.24 215.787 256.699 14.2566 -3.62536 -15.2102 -20.021 -22.9722 -23.5265 -23.4347 -22.2579 -21.7881 -26.5264 -41.5205 
42437 806.525 803.92 744.577 639.205 526.182 417.563 343.192 301.721 259.835 223.527 266.366 15.5404 -5.47367 -13.7158 -20.3927 -22.4842 -22.8006 -22.7399 -22.1621 -21.4422 -28.9 -42.9625 
42439 825.301 822.338 746.682 608.11 511.352 416.419 344.348 301.721 263.47 222.042 274.418 5.12376 -5.42753 -14.1569 -18.9675 -23.0085 -23.3736 -22.0496 -22.1621 -21.4815 -29.2408 -44.1477 
42441 807.031 816.4 751.69 628.39 508.39 424.777 339.045 303.99 264.337 226.716 293.127 6.4066 -5.51213 -14.5127 -19.6429 -22.4083 -23.6764 -22.5487 -22.1389 -21.3691 -30.9068 -44.6703 
42443 819.16 820.6 746.682 616.212 508.39 416.419 345.554 301.606 260.54 253.784 320.743 5.758 -5.88424 -14.1569 -19.243 -22.4083 -23.3736 -21.364 -21.7311 -22.1278 -35.5098 -47.7805 
42445 835.397 848.747 759.21 636.526 508.39 413.4 340.216 311.407 261.213 270.706 331.047 19.0344 -3.81781 -14.052 -19.901 -22.4083 -22.6392 -21.8507 -20.7264 -23.6076 -37.5514 -48.7529 
42447 853.19 785.93 764.209 633.784 512.536 413.4 357.714 299.914 268.253 288.288 348.986 18.7526 0.0736767 -14.4027 -20.021 -22.5437 -22.6392 -20.867 -19.0541 -25.479 -39.9062 -48.8945 
42449 833.346 798.611 740.663 631.045 519.359 411.916 340.216 310.823 270.237 289.47 351.765 18.4231 -4.66512 -13.5741 -20.1421 -22.5136 -22.2681 -21.8507 -19.3053 -25.7077 -40.5783 -49.5359 
42451 804.511 814.058 740.663 629.837 516.686 417.563 346.81 301.305 278.606 305.4 364.84 7.92726 -4.67645 -13.5741 -19.2731 -22.6768 -22.8006 -20.6834 -18.2763 -28.0857 -42.5522 -49.5499 
42453 807.186 807.543 727.09 621.734 505.299 433.642 334.682 182.994 283.002 332.585 883.178 7.05504 -4.54525 -13.4468 -19.0041 -20.2531 -21.6113 -17.6974 -24.3258 -32.7017 -45.5427 -60.0906 
42455 837.542 783.989 741.502 631.045 494.403 361.018 228.249 123.969 293.348 350.475 895.318 19.6427 -3.74193 -13.0496 -20.1421 -20.8861 -20.6361 -16.8283 -29.8285 -35.7324 -46.3942 -61.4847 
42457 399.619 581.859 509.099 422.74 315.245 191.897 65.1574 65.2287 291.586 399.769 1008.96 37.9948 14.4312 -3.82091 -15.6433 -32.0011 -41.003 -67.6617 -78.0218 -45.0323 -50.3821 -61.1239 
42459 542.85 658.441 687.299 563.01 434.833 269.968 125.958 71.8636 309.079 369.05 944.673 19.7163 -0.292192 -12.4697 -19.3887 -23.1334 -27.65 -27.8359 -49.0236 -39.5655 -47.9302 -61.4238 
42461 463.081 603.282 526.646 451.786 302.758 189.103 67.3818 66.2418 292.994 403.322 1008.66 31.4805 8.0626 -0.794268 -17.5243 -33.6416 -44.3261 -67.2864 -78.0903 -44.9865 -50.6385 -61.2868 
42463 311.699 458.035 403.607 368.045 277.158 180.664 70.2916 70.1773 284.155 409.56 1026.47 81.0429 33.63 7.50895 -21.698 -39.7296 -54.3968 -77.2022 -79.9994 -47.1852 -51.0763 -61.0631 
42465 380.748 525.475 554.704 437.456 348.611 210.707 93.2436 78.5625 218.57 967.187 9473.97 65.5016 15.6732 -6.52729 -25.1042 -36.5581 -58.8384 -82.995 -87.6834 -58.0545 -67.3733 -67.5009 
42467 366.704 554.724 590.919 451.714 353.673 214.275 95.276 75.0128 223.073 956.488 3184.59 57.8413 12.3191 -7.25415 -23.5772 -36.472 -58.0738 -83.6045 -91.0581 -57.9731 -66.8972 -65.7846 
42469 359.553 438.302 507.112 409.289 320.726 205.962 89.1953 77.5506 235.324 928.975 3097.51 68.5419 27.1139 -2.46039 -25.9869 -41.6467 -60.4076 -82.3439 -87.7514 -56.0067 -66.9593 -66.3899 
42471 380.114 472.331 539.547 438.04 342.624 213.491 91.2672 75.171 223.858 948.511 3184.79 67.5505 24.3667 -5.23026 -25.9929 -38.2065 -59.1798 -84.9042 -91.824 -57.4962 -67.5415 -65.629 
